test_iter: 127
test_interval: 169
base_lr: 9.99999974738e-06
display: 21
max_iter: 8450
lr_policy: "step"
gamma: 0.10000000149
momentum: 0.899999976158
weight_decay: 9.99999940632e-08
stepsize: 2789
snapshot: 169
snapshot_prefix: "snapshot"
solver_mode: GPU
net: "train_val.prototxt"
solver_type: ADAM
